2499660 1115500 393 5 4 5
2499660 1115520 393 5 4 5
2499660 1115540 393 5 4 5
2499660 1115560 393 5 4 5
2499660 1115580 393 5 4 5
2499660 1115600 393 5 4 5
2499660 1115620 393 5 4 5
2499660 1115640 393 5 4 5
2499680 1115500 393 5 3 5
2499680 1115520 393 5 3 5
2499680 1115540 393 5 3 5
2499680 1115560 393 5 3 5
2499680 1115580 393 5 3 5
2499680 1115600 393 5 3 5
2499680 1115620 393 5 3 5
2499680 1115640 393 5 3 5
2499700 1115500 393 5 9 5
2499700 1115520 393 5 9 5
2499700 1115540 393 5 9 5
2499700 1115560 393 5 9 5
2499700 1115580 393 5 9 5
2499700 1115600 393 5 9 5
2499700 1115620 393 5 9 5
2499700 1115640 393 5 9 5
2499720 1115500 393 5 5 5
2499720 1115520 393 5 5 5
2499720 1115540 393 5 5 5
2499720 1115560 393 5 5 5
2499720 1115580 393 5 5 5
2499720 1115600 393 5 5 5
2499720 1115620 393 5 5 5
2499720 1115640 393 5 5 5
2499740 1115500 393 5 6 5
2499740 1115520 393 5 6 5
2499740 1115540 393 5 6 5
2499740 1115560 393 5 6 5
2499740 1115580 393 5 6 5
2499740 1115600 393 5 6 5
2499740 1115620 393 5 6 5
2499740 1115640 393 5 6 5
2499760 1115500 393 5 9 5
2499760 1115520 393 5 9 5
2499760 1115540 393 5 9 5
2499760 1115560 393 5 9 5
2499760 1115580 393 5 9 5
2499760 1115600 393 5 9 5
2499760 1115620 393 5 9 5
2499760 1115640 393 5 9 5
2499780 1115500 393 5 7 5
2499780 1115520 393 5 7 5
2499780 1115540 393 5 7 5
2499780 1115560 393 5 7 5
2499780 1115580 393 5 7 5
2499780 1115600 393 5 7 5
2499780 1115620 393 5 7 5
2499780 1115640 393 5 7 5
2499800 1115500 393 5 6 5
2499800 1115520 393 5 6 5
2499800 1115540 393 5 6 5
2499800 1115560 393 5 6 5
2499800 1115580 393 5 6 5
2499800 1115600 393 5 6 5
2499800 1115620 393 5 6 5
2499800 1115640 393 5 6 5
2499820 1115500 393 5 8 5
2499820 1115520 393 5 8 5
2499820 1115540 393 5 8 5
2499820 1115560 393 5 8 5
2499820 1115580 393 5 8 5
2499820 1115600 393 5 8 5
2499820 1115620 393 5 8 5
2499820 1115640 393 5 8 5
2499840 1115500 393 5 10 5
2499840 1115520 393 5 10 5
2499840 1115540 393 5 10 5
2499840 1115560 393 5 10 5
2499840 1115580 393 5 10 5
2499840 1115600 393 5 10 5
2499840 1115620 393 5 10 5
2499840 1115640 393 5 10 5
2499860 1115500 393 5 2 5
2499860 1115520 393 5 2 5
2499860 1115540 393 5 2 5
2499860 1115560 393 5 2 5
2499860 1115580 393 5 2 5
2499860 1115600 393 5 2 5
2499860 1115620 393 5 2 5
2499860 1115640 393 5 2 5
2499880 1115500 393 5 10 5
2499880 1115520 393 5 10 5
2499880 1115540 393 5 10 5
2499880 1115560 393 5 10 5
2499880 1115580 393 5 10 5
2499880 1115600 393 5 10 5
2499880 1115620 393 5 10 5
2499880 1115640 393 5 10 5
2499900 1115500 393 5 7 5
2499900 1115520 393 5 7 5
2499900 1115540 393 5 7 5
2499900 1115560 393 5 7 5
2499900 1115580 393 5 7 5
2499900 1115600 393 5 7 5
2499900 1115620 393 5 7 5
2499900 1115640 393 5 7 5
2499920 1115500 393 5 3 5
2499920 1115520 393 5 3 5
2499920 1115540 393 5 3 5
2499920 1115560 393 5 3 5
2499920 1115580 393 5 3 5
2499920 1115600 393 5 3 5
2499920 1115620 393 5 3 5
2499920 1115640 393 5 3 5
