2499660 1115500 393 6
2499660 1115520 393 7
2499660 1115540 393 10
2499660 1115560 393 5
2499660 1115580 393 10
2499660 1115600 393 9
2499660 1115620 393 6
2499660 1115640 393 7
2499680 1115500 393 3
2499680 1115520 393 2
2499680 1115540 393 5
2499680 1115560 393 4
2499680 1115580 393 9
2499680 1115600 393 3
2499680 1115620 393 2
2499680 1115640 393 6
2499700 1115500 393 2
2499700 1115520 393 9
2499700 1115540 393 7
2499700 1115560 393 8
2499700 1115580 393 8
2499700 1115600 393 2
2499700 1115620 393 2
2499700 1115640 393 3
2499720 1115500 393 4
2499720 1115520 393 7
2499720 1115540 393 6
2499720 1115560 393 3
2499720 1115580 393 8
2499720 1115600 393 10
2499720 1115620 393 6
2499720 1115640 393 9
2499740 1115500 393 2
2499740 1115520 393 8
2499740 1115540 393 10
2499740 1115560 393 2
2499740 1115580 393 8
2499740 1115600 393 5
2499740 1115620 393 10
2499740 1115640 393 10
2499760 1115500 393 4
2499760 1115520 393 7
2499760 1115540 393 4
2499760 1115560 393 6
2499760 1115580 393 8
2499760 1115600 393 10
2499760 1115620 393 3
2499760 1115640 393 7
2499780 1115500 393 3
2499780 1115520 393 7
2499780 1115540 393 4
2499780 1115560 393 5
2499780 1115580 393 9
2499780 1115600 393 5
2499780 1115620 393 4
2499780 1115640 393 2
2499800 1115500 393 7
2499800 1115520 393 6
2499800 1115540 393 5
2499800 1115560 393 5
2499800 1115580 393 10
2499800 1115600 393 2
2499800 1115620 393 7
2499800 1115640 393 8
2499820 1115500 393 8
2499820 1115520 393 3
2499820 1115540 393 3
2499820 1115560 393 8
2499820 1115580 393 3
2499820 1115600 393 4
2499820 1115620 393 2
2499820 1115640 393 5
2499840 1115500 393 6
2499840 1115520 393 7
2499840 1115540 393 9
2499840 1115560 393 10
2499840 1115580 393 10
2499840 1115600 393 6
2499840 1115620 393 3
2499840 1115640 393 6
2499860 1115500 393 10
2499860 1115520 393 9
2499860 1115540 393 2
2499860 1115560 393 3
2499860 1115580 393 7
2499860 1115600 393 5
2499860 1115620 393 8
2499860 1115640 393 5
2499880 1115500 393 7
2499880 1115520 393 4
2499880 1115540 393 9
2499880 1115560 393 4
2499880 1115580 393 8
2499880 1115600 393 7
2499880 1115620 393 5
2499880 1115640 393 7
2499900 1115500 393 7
2499900 1115520 393 10
2499900 1115540 393 6
2499900 1115560 393 4
2499900 1115580 393 3
2499900 1115600 393 2
2499900 1115620 393 5
2499900 1115640 393 5
2499920 1115500 393 10
2499920 1115520 393 2
2499920 1115540 393 6
2499920 1115560 393 3
2499920 1115580 393 8
2499920 1115600 393 3
2499920 1115620 393 3
2499920 1115640 393 4
